[markers]
surface = 155.0
ground = 1303.0
sh0 = 157.03185840707965
df1 = 185.47787610619469
df2 = 205.79646017699116
rg3 = 266.75221238938053
rg4 = 459.7787610619469
fc5 = 662.9646017699115
fc6 = 866.1504424778761
fcxr7 = 942.3451327433629
mfcr8 = 947.424778761062
fc9 = 967.7433628318585
dh10 = 1242.0442477876106
not_labelled11 = 1303.0
mfcr11 = 1303.0

[quality assurance]

