[markers]
surface = 161.0
ground = 666.0
fc0 = 166.61111111111111
fc1 = 211.5
if2 = 213.74444444444444
mfcr3 = 222.72222222222223
fc4 = 329.33333333333337
fc5 = 340.55555555555554
fc6 = 385.44444444444446
dh7 = 520.1111111111111
mfcr8 = 598.6666666666667
dh9 = 666.0
not_labelled = 666.0

[quality assurance]

