[markers]
surface = 141.6
ground = 1902.0
pp0 = 191.32881355932204
mfcr1 = 211.22033898305085
rg2 = 400.18983050847464
rg3 = 609.0508474576271
rg4 = 807.9661016949153
rg5 = 857.6949152542373
rg6 = 1026.7728813559322
rg7 = 1166.0135593220339
fcxr8 = 1484.277966101695
dh9 = 1583.735593220339
mfcr10 = 1588.7084745762713
dh11 = 1872.162711864407
mfcr12 = 1902.0

[quality assurance]

