[markers]
surface = 151.7
ground = 2099.0
sh0 = 156.93467741935484
dh1 = 172.63870967741934
mfcr2 = 177.8733870967742
df3 = 214.51612903225805
df4 = 371.5564516129032
rg5 = 580.9435483870968
rg6 = 583.0374193548387
rg7 = 643.7596774193548
rg8 = 664.6983870967742
fc10 = 758.9225806451614
rg11 = 1020.6564516129031
rg12 = 1324.2677419354839
fcxr13 = 1334.7370967741936
rg14 = 1795.3887096774192
fcxr15 = 1800.6233870967742
fcxr16 = 1858.2048387096775
mfcr17 = 1863.4395161290322
fcxr18 = 1879.1435483870966
dh19 = 2036.183870967742
not_labelled21 = 2099.0
mfrc20 = 2045.0
mfcr9 = 706.5758064516128
mfcr20 = 2099.0

[quality assurance]

