[markers]
surface = 68.0
ground = 2094.0
pp0 = 72.80094786729858
df1 = 135.21327014218008
rg2 = 279.2417061611375
rg3 = 346.45497630331755
rg4 = 375.26066350710903
rg5 = 490.4834123222749
fc6 = 519.2890995260664
fc7 = 548.0947867298578
fc8 = 596.1042654028436
mfcr9 = 615.3080568720379
fc10 = 653.7156398104265
fc11 = 682.5213270142181
fc12 = 740.132701421801
rg13 = 826.5497630331754
fc14 = 1124.2085308056871
fc15 = 1239.431279620853
fcxr16 = 1277.8388625592418
fcxr17 = 1623.5071090047393
fcxr18 = 1681.1184834123223
dh19 = 1685.919431279621
fcxr20 = 1753.132701421801
mfcr21 = 1757.9336492890995
fcxr22 = 1767.5355450236968
dh23 = 1997.9810426540284
dh24 = 2045.9905213270142
mfcr25 = 2074.7962085308054
dh26 = 2094.0

[quality assurance]

