[markers]
surface = 111.0
ground = 451.8
rg0 = 112.97565217391305
rg1 = 120.87826086956522
rg2 = 194.96521739130435
fc3 = 273.9913043478261
fcxr4 = 353.0173913043478
mfcr5 = 451.8
not_labelled6 = 451.8

[quality assurance]

