[markers]
surface = 185.5
ground = 1821.6032294426113
df0 = 275.5
rg1 = 280.5
df2 = 365.5
df3 = 375.5
df4 = 455.5
df5 = 475.5
df6 = 565.5
rg7 = 635.5
rg8 = 825.5
rg9 = 845.5
fc10 = 865.5
rg11 = 925.5
fcxr12 = 1215.5
fcxr13 = 1315.5
rg14 = 1325.5
fc15 = 1395.5
fc16 = 1475.5
mfcr17 = 1495.5
fc18 = 1745.5
if20 = 1750.261518856451
mfcr21 = 1821.6032294426113
mfcr19 = 1821.6032294426113

[quality assurance]

