[markers]
surface = 56.0
ground = 1395.0
pp0 = 209.32061068702288
pp1 = 423.9694656488549
df2 = 495.5190839694656
rg3 = 607.9541984732824
rg4 = 648.8396946564885
rg5 = 659.06106870229
rg6 = 699.9465648854961
rg7 = 701.9908396946564
df8 = 761.2748091603053
rg9 = 771.4961832061068
rg10 = 802.1603053435114
fc11 = 914.5954198473281
sh12 = 919.706106870229
fc13 = 1006.5877862595419
if14 = 1007.609923664122
mfcr15 = 1011.6984732824426
fc16 = 1129.2442748091603
fc17 = 1170.1297709923663
fcxr18 = 1292.7862595419847
mfcr19 = 1394.9999999999998
not_labelled20 = 1395.0

[quality assurance]

