[markers]
surface = 140.5
ground = 613.4
sh0 = 145.37525773195875
fc1 = 194.12783505154638
fc2 = 238.00515463917526
fc3 = 247.75567010309277
if4 = 252.63092783505152
fc5 = 281.8824742268041
dh6 = 330.63505154639176
fc7 = 408.63917525773195
dh8 = 506.1443298969072
mfcr9 = 613.4

[quality assurance]

