[markers]
surface = 158.25
ground = 1248.0
sh0 = 160.17876106194691
df1 = 187.18141592920352
df2 = 206.46902654867256
rg3 = 264.33185840707966
rg4 = 447.5641592920354
fc5 = 640.4402654867256
fc6 = 833.316371681416
fcxr7 = 905.6449115044247
mfcr8 = 910.4668141592921
fc9 = 929.7544247787611
dh10 = 1190.1371681415928
mfcr11 = 1248.0

[quality assurance]

