[markers]
surface = 144.07
ground = 654.0
sh0 = 149.32701030927834
fc1 = 201.89711340206185
fc2 = 249.21020618556702
fc3 = 259.7242268041237
if4 = 264.9812371134021
fc5 = 296.52329896907213
dh6 = 349.09340206185567
fc7 = 433.20556701030927
dh8 = 538.3457731958763
mfcr9 = 654.0
not_labelled = 654.0

[quality assurance]

