[markers]
surface = 140.56
ground = 601.0660905120894
sh0 = 145.3074854691968
fc1 = 192.78234016116477
fc2 = 235.50970938393596
fc3 = 245.00468032232956
if4 = 249.75216579152635
fc5 = 278.23707860670714
dh6 = 325.71193329867515
fc7 = 401.6717008058239
dh8 = 496.6214101897599
mfcr9 = 601.0660905120894

[quality assurance]

