[markers]
surface = 154.0
ground = 1388.0
rg1 = 236.88059701492537
rg2 = 246.08955223880596
df3 = 393.43283582089555
df4 = 411.85074626865674
df5 = 503.94029850746267
rg6 = 642.0746268656717
rg7 = 761.7910447761194
fc8 = 780.2089552238806
fcxr9 = 826.2537313432836
fcxr10 = 840.0671641791045
rg11 = 863.0895522388059
fc12 = 872.2985074626865
fc13 = 936.7611940298508
sh14 = 941.3656716417911
dh15 = 945.9701492537314
fcxr16 = 1019.6417910447761
mfcr17 = 1024.2462686567164
fcxr18 = 1038.0597014925374
dh19 = 1277.4925373134329
mfcr20 = 1388.0
not_labelled0 = 164.0
pp0 = 158.6044776119403

[quality assurance]

