[markers]
surface = 155.2
ground = 1296.0
sh0 = 157.2191150442478
df1 = 185.4867256637168
df2 = 205.67787610619467
rg3 = 266.25132743362826
rg4 = 458.0672566371681
fc5 = 659.9787610619469
fc6 = 861.8902654867256
fcxr7 = 937.6070796460176
mfcr8 = 942.6548672566371
fc9 = 962.846017699115
dh10 = 1235.4265486725662
mfcr11 = 1296.0

[quality assurance]

