[markers]
surface = 150.0
ground = 1413.0
rg1 = 234.82835820895522
rg2 = 244.2537313432836
df3 = 395.05970149253733
df4 = 413.91044776119406
df5 = 508.1641791044776
rg6 = 649.544776119403
rg7 = 772.0746268656717
fc8 = 790.9253731343284
fcxr9 = 838.0522388059702
fcxr10 = 852.1902985074627
rg11 = 875.7537313432836
fc12 = 885.179104477612
fc13 = 951.1567164179105
sh14 = 955.8694029850747
dh15 = 960.5820895522388
fcxr16 = 1035.9850746268658
mfcr17 = 1040.69776119403
fcxr18 = 1054.8358208955224
dh19 = 1299.8955223880598
mfcr20 = 1413.0
not_labelled0 = 161.0
pp0 = 154.71268656716418

[quality assurance]

