[markers]
surface = 115.4
ground = 405.4
rg0 = 117.08115942028986
rg1 = 123.80579710144929
rg2 = 186.84927536231885
fc3 = 254.09565217391304
fcxr4 = 321.3420289855072
mfcr5 = 405.4

[quality assurance]

