[markers]
surface = 143.0
ground = 1894.0
pp0 = 192.4632768361582
mfcr1 = 212.24858757062145
rg2 = 400.2090395480226
rg3 = 607.954802259887
rg4 = 805.8079096045198
rg5 = 855.271186440678
rg6 = 1023.4463276836159
rg7 = 1161.9435028248588
fcxr8 = 1478.5084745762713
dh9 = 1577.4350282485875
mfcr10 = 1582.3813559322034
dh11 = 1864.322033898305
mfcr12 = 1894.0

[quality assurance]

