[markers]
surface = 151.0
ground = 1384.0
rg1 = 233.8134328358209
rg2 = 243.01492537313433
df3 = 390.23880597014926
df4 = 408.64179104477614
df5 = 500.65671641791045
rg6 = 638.6791044776119
rg7 = 758.2985074626865
fc8 = 776.7014925373135
fcxr9 = 822.7089552238806
fcxr10 = 836.5111940298507
rg11 = 859.5149253731344
fc12 = 868.7164179104477
fc13 = 933.1268656716418
sh14 = 937.7276119402985
dh15 = 942.3283582089553
fcxr16 = 1015.9402985074627
mfcr17 = 1020.5410447761194
fcxr18 = 1034.3432835820895
dh19 = 1273.5820895522388
mfcr20 = 1384.0
not_labelled0 = 157.0
pp0 = 155.6007462686567

[quality assurance]

