[markers]
surface = 185.5
ground = 1821.6032294426113
df0 = 271.11005270339245
rg1 = 275.86616674246983
df2 = 356.7201054067849
df3 = 366.23233348493966
df4 = 442.33015811017736
df5 = 461.3546142664868
df6 = 546.9646669698793
rg7 = 613.5502635169623
rg8 = 794.2825970019019
rg9 = 813.3070531582114
fc10 = 832.3315093145208
rg11 = 889.4048777834491
fcxr12 = 1165.259492049936
fcxr13 = 1260.381772831483
rg14 = 1269.8940009096377
fc15 = 1336.4795974567207
fc16 = 1412.5774220819585
mfcr17 = 1431.601878238268
fc18 = 1669.407580192136
if20 = 1750.261518856451
mfcr21 = 1821.6032294426113
mfcr19 = 1745.5054048173736

[quality assurance]

