[markers]
surface = 83.0
ground = 2094.0
pp0 = 87.76540284360189
df1 = 149.71563981042652
rg2 = 292.6777251184834
rg3 = 359.39336492890993
rg4 = 387.98578199052133
rg5 = 502.3554502369668
fc6 = 530.9478672985782
fc7 = 559.5402843601896
fc8 = 607.1943127962086
mfcr9 = 626.2559241706161
fc10 = 664.3791469194313
fc11 = 692.9715639810427
fc12 = 750.1563981042655
rg13 = 835.9336492890995
fc14 = 1131.3886255924172
fc15 = 1245.7582938388625
fcxr16 = 1283.8815165876777
fcxr17 = 1626.9905213270142
fcxr18 = 1684.175355450237
dh19 = 1688.9407582938388
fcxr20 = 1755.6563981042655
mfcr21 = 1760.4218009478673
fcxr22 = 1769.952606635071
dh23 = 1998.691943127962
dh24 = 2046.345971563981
mfcr25 = 2074.938388625593
dh26 = 2094.0

[quality assurance]

