[markers]
surface = 149.4
ground = 2099.0
sh0 = 154.64086021505378
dh1 = 170.36344086021506
mfcr2 = 175.60430107526884
df3 = 212.29032258064515
df4 = 369.51612903225805
rg5 = 579.1505376344086
rg6 = 581.2468817204301
rg7 = 642.0408602150537
rg8 = 663.0043010752688
fc10 = 757.3397849462365
rg11 = 1019.3827956989246
rg12 = 1323.352688172043
fcxr13 = 1333.8344086021505
rg14 = 1795.0301075268817
fcxr15 = 1800.2709677419355
fcxr16 = 1857.920430107527
mfcr17 = 1863.1612903225807
fcxr18 = 1878.8838709677418
dh19 = 2036.1096774193547
mfcr20 = 2099.0
not_labelled21 = 2099.0
mfcr9 = 704.9311827956989

[quality assurance]

