[markers]
surface = 106.0
ground = 1876.0
pp0 = 237.8085106382979
rg1 = 247.22340425531917
df2 = 322.54255319148933
mfcr3 = 336.6648936170213
df4 = 407.2765957446809
rg5 = 482.5957446808511
rg6 = 510.8404255319149
rg7 = 576.7446808510638
rg8 = 623.8191489361702
rg9 = 642.6489361702128
rg10 = 699.1382978723404
rg11 = 708.5531914893618
rg12 = 830.9468085106383
rg13 = 849.7765957446809
rg14 = 991.0
rg15 = 1000.4148936170213
rg16 = 1085.148936170213
fcxr17 = 1264.031914893617
fcxr18 = 1367.595744680851
fcxr19 = 1433.5
fc20 = 1499.4042553191491
mfcr21 = 1518.2340425531916
fc22 = 1725.3617021276596
mfcr23 = 1876.0
not_labelled24 = 1876.0

[quality assurance]

