[markers]
surface = 163.0
ground = 635.0
fc0 = 168.24444444444444
fc1 = 210.2
if2 = 212.29777777777778
mfcr3 = 220.6888888888889
fc4 = 320.33333333333337
fc5 = 330.82222222222225
fc6 = 372.7777777777778
dh7 = 498.6444444444445
mfcr8 = 572.0666666666667
dh9 = 635.0

[quality assurance]

