[markers]
surface = 114.6
ground = 481.3
rg0 = 116.72579710144927
rg1 = 125.22898550724638
rg2 = 204.9463768115942
fc3 = 289.97826086956525
fcxr4 = 375.0101449275362
mfcr5 = 481.30000000000007
not_labelled6 = 481.3

[quality assurance]

