[markers]
surface = 155.0
ground = 1460.0
rg1 = 242.64925373134326
rg2 = 252.38805970149252
df3 = 408.2089552238806
df4 = 427.6865671641791
df5 = 525.0746268656717
rg6 = 671.1567164179104
rg7 = 797.7611940298507
fc8 = 817.2388059701492
fcxr9 = 865.9328358208955
fcxr10 = 880.5410447761194
rg11 = 904.8880597014925
fc12 = 914.6268656716418
fc13 = 982.7985074626865
sh14 = 987.6679104477612
dh15 = 992.5373134328358
fcxr16 = 1070.4477611940297
mfcr17 = 1075.3171641791046
fcxr18 = 1089.9253731343283
dh19 = 1343.134328358209
mfcr20 = 1460.0
not_labelled21 = 1460.0
not_labelled0 = 165.0
pp0 = 159.86940298507463

[quality assurance]

