[markers]
surface = 143.0
ground = 1938.0
pp0 = 193.70621468926555
mfcr1 = 213.98870056497174
rg2 = 406.6723163841808
rg3 = 619.638418079096
rg4 = 822.4632768361582
rg5 = 873.1694915254237
rg6 = 1045.5706214689267
rg7 = 1187.5480225988701
fcxr8 = 1512.0677966101696
dh9 = 1613.4802259887006
mfcr10 = 1618.5508474576272
dh11 = 1907.5762711864406
mfcr12 = 1938.0
not_labelled13 = 1938.0

[quality assurance]

