[markers]
surface = 140.4
ground = 632.0
sh0 = 145.4680412371134
fc1 = 196.14845360824742
fc2 = 241.76082474226803
fc3 = 251.89690721649487
if4 = 256.96494845360826
fc5 = 287.37319587628866
dh6 = 338.0536082474227
fc7 = 419.1422680412371
dh8 = 520.5030927835052
mfcr9 = 632.0
not_labelled = 632.0

[quality assurance]

