[markers]
surface = 142.85
ground = 635.19
sh0 = 147.92567010309278
fc1 = 198.68237113402063
fc2 = 244.36340206185568
fc3 = 254.51474226804123
if4 = 259.59041237113405
fc5 = 290.04443298969073
dh6 = 340.8011340206186
fc7 = 422.01185567010316
dh8 = 523.5252577319588
mfcr9 = 635.19

[quality assurance]

