[markers]
surface = 140.56
ground = 601.0660905120894
sh0 = 145.56
fc1 = 195.56
fc2 = 240.56
fc3 = 250.56
if4 = 255.56
fc5 = 285.56
dh6 = 335.56
fc7 = 415.56
dh8 = 515.56
mfcr9 = 601.0660905120894

[quality assurance]

