[markers]
surface = 110.0
ground = 1921.0
pp0 = 244.86170212765958
rg1 = 254.49468085106383
df2 = 331.5585106382979
mfcr3 = 346.0079787234042
df4 = 418.25531914893617
rg5 = 495.3191489361702
rg6 = 524.218085106383
rg7 = 591.6489361702128
rg8 = 639.813829787234
rg9 = 659.0797872340426
rg10 = 716.8776595744681
rg11 = 726.5106382978723
rg12 = 851.7393617021277
rg13 = 871.0053191489361
rg14 = 1015.5
rg15 = 1025.1329787234042
rg16 = 1111.8297872340427
fcxr17 = 1294.8563829787233
fcxr18 = 1400.8191489361702
fcxr19 = 1468.25
fc20 = 1535.6808510638298
mfcr21 = 1554.9468085106382
fc22 = 1766.872340425532
mfcr23 = 1921.0
not_labelled24 = 1921.0

[quality assurance]

