[markers]
surface = 163.0
ground = 638.0
fc0 = 168.27777777777777
fc1 = 210.5
if2 = 212.61111111111111
mfcr3 = 221.05555555555554
fc4 = 321.33333333333337
fc5 = 331.8888888888889
fc6 = 374.1111111111111
dh7 = 500.77777777777777
mfcr8 = 574.6666666666667
dh9 = 638.0

[quality assurance]

