[markers]
surface = 108.0
ground = 1895.0
pp0 = 241.0744680851064
rg1 = 250.57978723404256
df2 = 326.6223404255319
mfcr3 = 340.88031914893617
df4 = 412.17021276595744
rg5 = 488.2127659574468
rg6 = 516.7287234042553
rg7 = 583.2659574468084
rg8 = 630.7925531914893
rg9 = 649.8031914893617
rg10 = 706.8351063829787
rg11 = 716.3404255319149
rg12 = 839.9095744680851
rg13 = 858.9202127659574
rg14 = 1001.5
rg15 = 1011.0053191489361
rg16 = 1096.5531914893618
fcxr17 = 1277.154255319149
fcxr18 = 1381.7127659574467
fcxr19 = 1448.25
fc20 = 1514.787234042553
mfcr21 = 1533.7978723404256
fc22 = 1742.9148936170213
mfcr23 = 1895.0
not_labelled24 = 1895.0

[quality assurance]

