[markers]
surface = 149.1
ground = 2027.0
sh0 = 154.1481182795699
dh1 = 169.29247311827956
mfcr2 = 174.34059139784947
df3 = 209.67741935483872
df4 = 361.1209677419355
rg5 = 563.0456989247313
rg6 = 565.0649462365592
rg7 = 623.6231182795699
rg8 = 643.8155913978495
fc10 = 734.6817204301076
rg11 = 987.0876344086023
rg12 = 1279.878494623656
fcxr13 = 1289.9747311827957
rg14 = 1734.2091397849463
fcxr15 = 1739.2572580645162
fcxr16 = 1794.7865591397851
mfcr17 = 1799.8346774193549
fcxr18 = 1814.9790322580645
dh19 = 1966.4225806451614
mfcr20 = 2027.0000000000002
mfcr9 = 684.2005376344086

[quality assurance]

