[markers]
surface = 155.0
ground = 1437.0
rg1 = 241.1044776119403
rg2 = 250.67164179104478
df3 = 403.74626865671644
df4 = 422.8805970149254
df5 = 518.5522388059701
rg6 = 662.0597014925373
rg7 = 786.4328358208955
fc8 = 805.5671641791046
fcxr9 = 853.4029850746269
fcxr10 = 867.7537313432837
rg11 = 891.6716417910449
fc12 = 901.2388059701493
fc13 = 968.2089552238806
sh14 = 972.9925373134329
dh15 = 977.7761194029852
fcxr16 = 1054.313432835821
mfcr17 = 1059.097014925373
fcxr18 = 1073.44776119403
dh19 = 1322.1940298507463
mfcr20 = 1437.0
not_labelled0 = 166.0
pp0 = 159.78358208955223

[quality assurance]

