[markers]
surface = 148.5
ground = 2060.0
sh0 = 153.63844086021504
dh1 = 169.05376344086022
mfcr2 = 174.19220430107526
df3 = 210.16129032258064
df4 = 364.3145161290322
rg5 = 569.8521505376343
rg6 = 571.9075268817204
rg7 = 631.513440860215
rg8 = 652.0672043010752
fc10 = 744.5591397849462
rg11 = 1001.4811827956988
rg12 = 1299.510752688172
fcxr13 = 1309.7876344086021
rg14 = 1761.9704301075267
fcxr15 = 1767.1088709677417
fcxr16 = 1823.6317204301074
mfcr17 = 1828.7701612903224
fcxr18 = 1844.1854838709676
dh19 = 1998.3387096774193
mfcr20 = 2060.0
mfcr9 = 693.1747311827957

[quality assurance]

