[markers]
surface = 111.0
ground = 1887.0
pp0 = 243.25531914893617
rg1 = 252.70212765957447
df2 = 328.2765957446809
mfcr3 = 342.44680851063833
df4 = 413.29787234042556
rg5 = 488.87234042553195
rg6 = 517.2127659574469
rg7 = 583.3404255319149
rg8 = 630.5744680851064
rg9 = 649.468085106383
rg10 = 706.1489361702128
rg11 = 715.5957446808511
rg12 = 838.404255319149
rg13 = 857.2978723404256
rg14 = 999.0
rg15 = 1008.4468085106383
rg16 = 1093.4680851063831
fcxr17 = 1272.9574468085107
fcxr18 = 1376.872340425532
fcxr19 = 1443.0
fc20 = 1509.1276595744682
mfcr21 = 1528.0212765957447
fc22 = 1735.8510638297873
mfcr23 = 1887.0
not_labelled24 = 1887.0

[quality assurance]

