[markers]
surface = 120.6
ground = 420.0
rg0 = 122.33565217391303
rg1 = 129.2782608695652
rg2 = 194.36521739130433
fc3 = 263.7913043478261
fcxr4 = 333.21739130434776
mfcr5 = 420.0
not_labelled = 420.0

[quality assurance]

