[markers]
surface = 70.0
ground = 2097.0
pp0 = 74.80331753554502
df1 = 137.24644549763033
rg2 = 281.34597156398104
rg3 = 348.59241706161134
rg4 = 377.4123222748815
rg5 = 492.6919431279621
fc6 = 521.5118483412323
fc7 = 550.3317535545024
fc8 = 598.3649289099526
mfcr9 = 617.5781990521327
fc10 = 656.0047393364929
fc11 = 684.824644549763
fc12 = 742.4644549763033
rg13 = 828.9241706161138
fc14 = 1126.7298578199052
fc15 = 1242.0094786729858
fcxr16 = 1280.436018957346
fcxr17 = 1626.2748815165876
fcxr18 = 1683.914691943128
dh19 = 1688.718009478673
fcxr20 = 1755.9644549763034
mfcr21 = 1760.7677725118483
fcxr22 = 1770.3744075829384
dh23 = 2000.9336492890995
dh24 = 2048.96682464455
mfcr25 = 2077.78672985782
dh26 = 2097.0

[quality assurance]

