[markers]
surface = 192.5
ground = 1871.0
df0 = 280.32848837209303
rg1 = 285.2078488372093
df2 = 368.15697674418607
df3 = 377.9156976744186
df4 = 455.9854651162791
df5 = 475.5029069767442
df6 = 563.3313953488372
rg7 = 631.6424418604652
rg8 = 817.0581395348837
rg9 = 836.5755813953489
fc10 = 856.0930232558139
rg11 = 914.6453488372093
fcxr12 = 1197.6482558139535
fcxr13 = 1295.235465116279
rg14 = 1304.9941860465117
fc15 = 1373.3052325581396
fc16 = 1451.375
mfcr17 = 1470.8924418604652
fc18 = 1714.860465116279
if20 = 1797.809593023256
mfcr21 = 1871.0
mfcr19 = 1792.9302325581396
not_labelled22 = 1871.0

[quality assurance]

