[markers]
surface = 40.0
ground = 1354.5412655458786
pp0 = 190.5199922380777
pp1 = 401.2479813713865
df2 = 471.49064441582277
rg3 = 581.8719720570797
rg4 = 622.0106366539004
rg5 = 632.0453028031056
rg6 = 672.1839673999264
rg7 = 674.1909006297674
df8 = 732.3919642951574
rg9 = 742.4266304443627
rg10 = 772.5306288919782
fc11 = 882.9119565332352
sh12 = 887.9292896078377
fc13 = 973.2239518760817
if14 = 974.2274184910023
mfcr15 = 978.2412849506843
fc16 = 1093.639945666544
fc17 = 1133.7786102633647
fcxr18 = 1254.1946040538269
mfcr19 = 1354.5412655458786

[quality assurance]

