[markers]
surface = 144.07
sh0 = 149.07
fc1 = 199.07
fc2 = 244.07
fc3 = 254.07
if4 = 259.07
fc5 = 289.07
dh6 = 339.07
fc7 = 419.07
dh8 = 519.0699999999999
mfcr9 = 629.0699999999999
not_labelled = 654.0
ground = 629.0699999999999

[quality assurance]

