[markers]
surface = 83.0
ground = 2099.0
pp0 = 87.77725118483413
df1 = 149.8815165876777
rg2 = 293.1990521327014
rg3 = 360.0805687203791
rg4 = 388.74407582938386
rg5 = 503.3981042654028
fc6 = 532.0616113744076
fc7 = 560.7251184834123
fc8 = 608.4976303317535
mfcr9 = 627.6066350710901
fc10 = 665.824644549763
fc11 = 694.4881516587677
fc12 = 751.8151658767772
rg13 = 837.8056872037914
fc14 = 1133.995260663507
fc15 = 1248.649289099526
fcxr16 = 1286.867298578199
fcxr17 = 1630.829383886256
fcxr18 = 1688.1563981042655
dh19 = 1692.9336492890995
fcxr20 = 1759.8151658767772
mfcr21 = 1764.5924170616113
fcxr22 = 1774.1469194312797
dh23 = 2003.4549763033176
dh24 = 2051.2274881516587
mfcr25 = 2079.8909952606637
dh26 = 2099.0

[quality assurance]

