[markers]
surface = 67.2
ground = 1391.0
pp0 = 218.78015267175573
pp1 = 430.99236641221376
df2 = 501.7297709923664
rg3 = 612.8885496183207
rg4 = 653.3099236641222
rg5 = 663.4152671755726
rg6 = 703.8366412213741
rg7 = 705.8577099236642
df8 = 764.4687022900764
rg9 = 774.5740458015268
rg10 = 804.8900763358779
fc11 = 916.0488549618321
sh12 = 921.1015267175574
fc13 = 1006.9969465648855
if14 = 1008.0074809160307
mfcr15 = 1012.0496183206108
fc16 = 1128.2610687022902
fc17 = 1168.6824427480917
fcxr18 = 1289.9465648854962
mfcr19 = 1391.0
not_labelled20 = 1391.0

[quality assurance]

