[markers]
surface = 154.1
ground = 1293.0
sh0 = 156.11575221238937
df1 = 184.3362831858407
df2 = 204.4938053097345
rg3 = 264.9663716814159
rg4 = 456.46283185840707
fc5 = 658.0380530973451
fc6 = 859.6132743362833
fcxr7 = 935.2039823008851
mfcr8 = 940.2433628318585
fc9 = 960.4008849557523
dh10 = 1232.5274336283187
mfcr11 = 1293.0
not_labelled12 = 1293.0

[quality assurance]

