[markers]
surface = 142.0
ground = 1989.0
pp0 = 194.17514124293785
mfcr1 = 215.045197740113
rg2 = 413.31073446327684
rg3 = 632.4463276836158
rg4 = 841.1468926553672
rg5 = 893.322033898305
rg6 = 1070.7175141242938
rg7 = 1216.8079096045196
fcxr8 = 1550.728813559322
dh9 = 1655.0790960451977
mfcr10 = 1660.2966101694915
dh11 = 1957.6949152542372
mfcr12 = 1989.0
not_labelled13 = 1989.0

[quality assurance]

