[markers]
surface = 153.9
ground = 1308.0
sh0 = 155.94265486725664
df1 = 184.53982300884957
df2 = 204.96637168141592
rg3 = 266.24601769911504
rg4 = 460.29823008849553
fc5 = 664.5637168141592
fc6 = 868.8292035398229
fcxr7 = 945.4287610619468
mfcr8 = 950.5353982300884
fc9 = 970.9619469026547
dh10 = 1246.7203539823008
mfcr10 = 1282.0
not_labelled11 = 1308.0
mfcr11 = 1308.0

[quality assurance]

