[markers]
surface = 50.0
ground = 1366.0
pp0 = 200.68702290076337
pp1 = 411.64885496183206
df2 = 481.96946564885496
rg3 = 592.4732824427481
rg4 = 632.6564885496183
rg5 = 642.7022900763359
rg6 = 682.8854961832061
rg7 = 684.8946564885496
df8 = 743.1603053435115
rg9 = 753.206106870229
rg10 = 783.3435114503817
fc11 = 893.8473282442748
sh12 = 898.8702290076336
fc13 = 984.2595419847328
if14 = 985.2641221374046
mfcr15 = 989.2824427480916
fc16 = 1104.8091603053435
fc17 = 1144.9923664122136
fcxr18 = 1265.5419847328244
mfcr19 = 1366.0

[quality assurance]

