[markers]
surface = 162.8
ground = 553.0
fc0 = 167.13555555555556
fc1 = 201.82
if2 = 203.55422222222222
mfcr3 = 210.4911111111111
fc4 = 292.8666666666667
fc5 = 301.5377777777778
fc6 = 336.22222222222223
dh7 = 440.27555555555557
mfcr8 = 500.9733333333333
dh9 = 553.0

[quality assurance]

