[markers]
surface = 142.4
ground = 1959.0
pp0 = 193.71638418079095
mfcr1 = 214.24293785310732
rg2 = 409.245197740113
rg3 = 624.774011299435
rg4 = 830.0395480225988
rg5 = 881.3559322033897
rg6 = 1055.831638418079
rg7 = 1199.5175141242937
fcxr8 = 1527.9423728813558
dh9 = 1630.5751412429377
mfcr10 = 1635.7067796610168
dh11 = 1928.2101694915252
mfcr12 = 1958.9999999999998
not_labelled13 = 1959.0

[quality assurance]

