[markers]
surface = 206.3
ground = 1854.0
df0 = 292.5168604651163
rg1 = 297.30668604651163
df2 = 378.7337209302326
df3 = 388.3133720930233
df4 = 464.9505813953489
df5 = 484.10988372093027
df6 = 570.3267441860465
rg7 = 637.3843023255814
rg8 = 819.3976744186048
rg9 = 838.5569767441862
fc10 = 857.7162790697676
rg11 = 915.1941860465117
fcxr12 = 1193.004069767442
fcxr13 = 1288.800581395349
rg14 = 1298.3802325581396
fc15 = 1365.4377906976745
fc16 = 1442.075
mfcr17 = 1461.2343023255814
fc18 = 1700.7255813953489
if20 = 1782.1526162790697
mfcr21 = 1854.0
mfcr19 = 1777.3627906976744

[quality assurance]

