[markers]
surface = 62.0
ground = 1380.0
pp0 = 212.91603053435117
pp1 = 424.19847328244276
df2 = 494.6259541984733
rg3 = 605.2977099236641
rg4 = 645.5419847328244
rg5 = 655.6030534351146
rg6 = 695.8473282442749
rg7 = 697.8595419847329
df8 = 756.2137404580153
rg9 = 766.2748091603054
rg10 = 796.4580152671756
fc11 = 907.1297709923665
sh12 = 912.1603053435115
fc13 = 997.6793893129772
if14 = 998.6854961832062
mfcr15 = 1002.7099236641222
fc16 = 1118.4122137404581
fc17 = 1158.6564885496184
fcxr18 = 1279.3893129770993
mfcr19 = 1380.0
not_labelled20 = 1380.0

[quality assurance]

