[markers]
surface = 148.45
ground = 2092.0
sh0 = 153.67459677419353
dh1 = 169.3483870967742
mfcr2 = 174.57298387096773
df3 = 211.14516129032256
df4 = 367.883064516129
rg5 = 576.866935483871
rg6 = 578.9567741935484
rg7 = 639.5620967741936
rg8 = 660.4604838709677
fc10 = 754.5032258064516
rg11 = 1015.7330645161289
rg12 = 1318.7596774193548
fcxr13 = 1329.208870967742
rg14 = 1788.9733870967743
fcxr15 = 1794.1979838709678
fcxr16 = 1851.6685483870967
mfcr17 = 1856.8931451612905
fcxr18 = 1872.566935483871
dh19 = 2029.3048387096774
mfcr20 = 2092.0
not_labelled21 = 2092.0
mfcr9 = 702.257258064516

[quality assurance]

