[markers]
surface = 118.5
ground = 465.0
rg0 = 120.50869565217391
rg1 = 128.54347826086956
rg2 = 203.8695652173913
fc3 = 284.2173913043478
fcxr4 = 364.5652173913044
mfcr5 = 465.0

[quality assurance]

