[markers]
surface = 161.0
ground = 648.029
fc0 = 166.41143333333332
fc1 = 209.7029
if2 = 211.86747333333332
mfcr3 = 220.52576666666667
fc4 = 323.34299999999996
fc5 = 334.16586666666666
fc6 = 377.45733333333334
dh7 = 507.3317333333333
mfcr8 = 583.0917999999999
dh9 = 648.029
not_labelled10 = 648.029
not_labelled = 666.0

[quality assurance]

