[markers]
surface = 199.0
ground = 1864.0
df0 = 286.12209302325584
rg1 = 290.9622093023256
df2 = 373.24418604651163
df3 = 382.9244186046512
df4 = 460.3662790697675
df5 = 479.7267441860465
df6 = 566.8488372093024
rg7 = 634.6104651162791
rg8 = 818.5348837209302
rg9 = 837.8953488372093
fc10 = 857.2558139534884
rg11 = 915.3372093023256
fcxr12 = 1196.0639534883721
fcxr13 = 1292.8662790697674
rg14 = 1302.546511627907
fc15 = 1370.3081395348838
fc16 = 1447.75
mfcr17 = 1467.110465116279
fc18 = 1709.1162790697674
if20 = 1791.3982558139535
mfcr21 = 1864.0
mfcr19 = 1786.5581395348838

[quality assurance]

